13.995
19.5832
27.3973
38.3187
53.5727
74.8581
104.521
145.781
203.028
282.168
391.026
539.717
740.837
1009.2
1360.57
1808.73
2360.01
3005.14
3709.99
4410.26
5018
5445.33
5638.04
5597.4
5372.85
5033.09
4639.24
4233.53
3840.34
3471.7
3132.32
2823.01
2542.67
2289.39
2060.94
1855.1
1669.71
1502.8
1352.55
1217.31
1095.59
986.034
887.432
798.69
718.821
646.94
582.246
524.021
471.619
424.457
382.011
343.81
309.429
278.486
250.638
225.574
203.017
182.715
164.443
147.999
133.199
119.879
107.891
97.1022
87.392
78.6528
70.7875
63.7088
57.3379
51.6041
46.4437
41.7993
37.6194
33.8574
30.4717
27.4245
24.6821
22.2139
19.9925
17.9932
16.1939
14.5745
13.1171
11.8054
10.6248
9.56234
8.60611
7.7455
6.97095
6.27385
5.64647
5.08182
4.57364
4.11627
3.70465
3.33418
3.00076
2.70069
2.43062
2.18756
