1.3995
1.95832
2.73973
3.83187
5.35727
7.48581
10.4521
14.5781
20.3028
28.2168
39.1026
53.9717
74.0837
100.92
136.057
180.873
236.001
300.514
370.999
441.026
501.8
544.533
563.804
559.74
537.285
503.309
463.924
423.353
384.034
347.17
313.232
282.301
254.267
228.939
206.094
185.51
166.971
150.28
135.255
121.731
109.559
98.6034
88.7432
79.869
71.8821
64.694
58.2246
52.4021
47.1619
42.4457
38.2011
34.381
30.9429
27.8486
25.0638
22.5574
20.3017
18.2715
16.4443
14.7999
13.3199
11.9879
10.7891
9.71022
8.7392
7.86528
7.07875
6.37088
5.73379
5.16041
4.64437
4.17993
3.76194
3.38574
3.04717
2.74245
2.46821
2.22139
1.99925
1.79932
1.61939
1.45745
1.31171
1.18054
1.06248
0.956234
0.860611
0.77455
0.697095
0.627385
0.564647
0.508182
0.457364
0.411627
0.370465
0.333418
0.300076
0.270069
0.243062
0.218756
