9985
9978.02
9968.24
9954.58
9935.5
9908.86
9871.71
9819.99
9748.17
9648.73
9511.65
9323.86
9068.77
8726.32
8274.03
7689.81
6957.66
6076.53
5071.16
3999.9
2951.13
2022
1284.75
761.592
426.402
228.877
119.416
61.2065
31.0394
15.6441
7.85715
3.9384
1.97195
0.986737
0.493581
0.24685
0.123441
0.0617252
0.0308639
0.0154323
0.00771624
0.00385815
0.00192908
0.000964542
0.000482272
0.000241136
0.000120568
6.02841e-05
3.0142e-05
1.5071e-05
7.53551e-06
3.76775e-06
1.88388e-06
9.41939e-07
4.70969e-07
2.35485e-07
1.17742e-07
5.88712e-08
2.94356e-08
1.47178e-08
7.35888e-09
3.67945e-09
1.83973e-09
9.19849e-10
4.5994e-10
2.29962e-10
1.14983e-10
5.74856e-11
2.87415e-11
1.43752e-11
7.1827e-12
3.59712e-12
1.79856e-12
8.92175e-13
4.46754e-13
2.24265e-13
1.09246e-13
5.63993e-14
2.9754e-14
1.42109e-14
5.55112e-15
3.77476e-15
1.9984e-15
-4.44089e-16
-8.88178e-16
2.22045e-16
-2.22045e-16
1.11022e-16
3.33067e-16
0
4.44089e-16
3.33067e-16
1.11022e-16
2.22045e-16
2.22045e-16
1.66533e-16
-2.22045e-16
5.55112e-17
5.55112e-17
1.11022e-16
